50
rank1,1,1,1,1,4,1,0,0,1,0,3,2,0,3,1,3,50
dist2,1,1,1,2,4,1,0,0,1,0,3,2,0,3,1,3,
summary:50, 0.13529411764705881,0.014705882352941176
100
rank1,1,1,100
dist0,0,1,
summary:100, 0.1,0.0033333333333333335
150
rank1,1,1,2,150
dist1,1,2,2,
summary:150, 0.125,0.015
200
rank1,1,1,1,1,4,1,0,0,1,0,3,2,1,200
dist2,1,1,1,2,4,1,0,0,1,0,3,2,1,
summary:200, 0.12142857142857143,0.1357142857142857
500
rank0,3,1,1,1,1,1,2,1,500
dist0,3,0,0,1,1,2,2,1,
summary:500, 0.12222222222222222,0.1111111111111111
750
rank3,750
dist3,
summary:750, 0.3,0.3
2000
rank1,1,1,1,1,4,1,0,0,2000
dist2,1,1,1,2,4,1,0,0,
summary:2000, 0.1111111111111111,0.13333333333333333
5000
rank1,0,3,2,0,3,1,1,1,1,1,2,5000
dist1,0,3,2,0,3,0,0,1,1,2,2,
summary:5000, 0.13333333333333333,0.125
10000
rank1,3,1,10000
dist1,3,1,
summary:10000, 0.16666666666666666,0.16666666666666666
