50
rank3,3,1,6,4,2,4,2,2,4,3,4,3,2,5,4,9,50
dist2,2,3,4,4,2,5,3,5,3,4,4,7,1,5,5,7,
summary:50, 0.3588235294117647,0.03882352941176471
100
rank9,2,7,100
dist7,1,4,
summary:100, 0.6,0.04
150
rank5,6,3,8,150
dist5,6,4,7,
summary:150, 0.55,0.055
200
rank3,3,1,6,4,2,4,2,2,4,3,4,3,4,200
dist2,2,3,4,4,2,5,3,5,3,4,4,7,5,
summary:200, 0.32142857142857145,0.37857142857142856
500
rank2,5,9,2,5,6,3,8,7,500
dist1,5,7,1,5,6,4,7,4,
summary:500, 0.5222222222222223,0.4444444444444444
750
rank9,750
dist7,
summary:750, 0.9,0.7
2000
rank3,3,1,6,4,2,4,2,2,2000
dist2,2,3,4,4,2,5,3,5,
summary:2000, 0.3,0.3333333333333333
5000
rank4,3,4,3,2,5,9,2,5,6,3,8,5000
dist3,4,4,7,1,5,7,1,5,6,4,7,
summary:5000, 0.45,0.45
10000
rank4,9,7,10000
dist5,7,4,
summary:10000, 0.6666666666666666,0.5333333333333333
